{
 "cells": [
  {
   "cell_type": "code",
   "execution_count": 1,
   "id": "5e6bd4e4",
   "metadata": {},
   "outputs": [
    {
     "name": "stdout",
     "output_type": "stream",
     "text": [
      "   No.            x         y\n",
      "0    1     0.000000  8.157657\n",
      "1    2  1400.124877  6.107682\n",
      "2    3  3300.805188  4.148334\n",
      "3    4  3701.634008  6.147944\n",
      "4    5  4102.583249  6.088959\n",
      "5    6  4202.800929  4.170082\n",
      "6    7  4803.101556  2.098907\n",
      "7    8  5603.688004  6.189632\n",
      "8    9  6403.874407  6.159558\n",
      "9   10  8104.029001  6.026609\n",
      " 0.0   1400.1263777213621   3300.807622960825   3701.63455356241   4102.583770562924   4202.802820684817   4803.1053773261165   5603.688349586997   6403.874718717556   8104.0292811918025   9504.178987240859   9604.929731832699   9705.071935395403   9805.88066161424   10806.545970189169   11607.34896006512   12107.374967781041   13208.085210010335   14708.956147688472   16709.05924351327   16809.797355154144   17810.47607844315   18110.51168602089   19410.588227336564   19710.820883855682   21611.35134280455   23011.967945791275   23512.202377935984   24912.2397426759   25912.74698523473   27913.60860027348   28414.368351960795   30015.044813499637   31715.63074012004   33016.55764919923   33416.57656979407   35316.603780601254   36917.087720005526   37917.545038049626   39717.970270067766   41018.84475755519   41619.13703520744   43119.38234003211   44820.157367748005   45420.96318650009   46721.76364000068   47521.99518524427   48622.44871145429   49322.98895137896   50823.28049478354   300.94137813697205   1801.5318099257042   2801.9005842331458   4702.413212774751   6002.859976079774   7203.320475507144   8903.362651091316   9404.034045167238   11004.046863797803   12404.614180362008   13905.249528146505   15306.13639882788   16806.25742766907   18106.70513364743   19507.35315868163   20007.41227145564   21907.57986020802   23308.09546054289   23508.762978037863   24108.98805025657   24609.901803550554   26010.150416008375   27510.79915111354   29011.63656874008   30211.655438953807   30412.576852421713   32313.130810068913   33413.330495172675   34913.45700021035   35313.77167002967   36814.75229083461   38215.578215119574   39316.267120010845   40316.45601911392   42017.01556141608   43117.218429698005   43918.026385195844   45418.573995875915   46718.77662981225   47818.77655014137   47919.34655872871   49620.23885014526   51221.01402000566   51621.387989992494   52921.7400535534   53122.67184003857   53323.4107772223   54324.16792943414   56024.21281733255   56324.37749000551\n",
      "1400.1263777213621    0.0   1900.68132091287   2301.5091313521693   2702.458372064858   2802.676721769383   3402.979040207959   4203.563127798813   5003.749530268907   6703.904124490224   8104.05387622306   8204.804230192507   8304.946454026976   8405.755169407352   9406.42130266142   10207.224296736746   10707.249604455477   11807.96051382779   13308.830626643954   15308.933788756167   15409.672112177666   16410.351093217872   16710.386281371455   18010.462859076728   18310.695903019277   20211.22617905122   21611.84297305718   22112.077403208572   23512.11477320787   24512.622023054668   26513.48379298445   27014.243403014243   28614.91973789785   30315.505926536007   31616.432703121496   32016.45163304049   33916.478620527014   35516.96290100091   36517.41989891568   38317.845443981045   39618.7197322676   40219.012011787214   41719.2575108124   43420.032263697976   44020.83826300032   45321.63880900119   46121.870263006094   47222.32362905572   47922.864033009144   49423.15550015983   1099.1907995667434   401.4074718391587   1401.7749353269392   3302.2868592456084   4602.73554183139   5803.194805790136   7503.236779720816   8003.908218235347   9603.921793012094   11004.4894766941   12505.124213094708   13906.011373256699   15406.132183531634   16706.579732509992   18107.22817300234   18607.28709602194   20507.45507613906   21907.970314237802   22108.638013005395   22708.863083028802   23209.77684301051   24610.02546307688   26110.67404643879   27611.511351290494   28811.530493001344   29012.451649201765   30913.00599661777   32013.20544023738   33513.33217850314   33913.64685222105   35414.62724848355   36815.453071485324   37916.142296849386   38916.331093046174   40616.8906330101   41717.09350300489   42517.90136440245   44018.44907300083   45318.65162423936   46418.65171327684   46519.221549893715   48220.114011620266   49820.88918418966   50221.26291921956   51521.61506110305   51722.54700112684   51923.28578326369   52924.04294001512   54624.0879030002   54924.25265033215\n",
      "3300.807622960825   1900.68132091287    0.0   400.8338076845223   801.7804095422007   901.9957412621801   1502.2977659097742   2302.883720712628   3103.0698707772335   4803.22418024462   6203.373855731806   6304.123656195822   6404.265902134525   6505.074598442532   7505.741818941582   8306.544758448203   8806.569112008025   9907.280839955873   11408.149896025368   13408.253105013464   13508.99166246205   14509.670925958017   14809.705636652767   16109.782241020712   16410.01571216671   18310.545762337195   19711.162754503504   20211.397177890027   21611.434542082206   22611.941792463072   24612.80371873323   25113.563170613113   26714.239362019343   28414.825822678788   29715.75245094604   30115.77138909393   32015.798137929592   33616.28276868875   34616.73943045454   36417.16529469814   37718.03937200359   38318.33165200612   39818.57734858457   41519.35181561871   42120.15799732628   43420.95863636555   44221.18999436282   45321.64319616603   46022.183764978836   47522.47515201929   2999.87171971196   1499.2780211276379   498.9091054720224   1401.6056384336248   2702.0577167823217   3902.5141521595065   5602.555768341304   6103.227245017886   7703.241727321917   9103.809833610896   10604.443732502177   12005.331208396412   13505.451732546897   14805.89909160362   16206.547979332046   16706.606682000052   18606.775083630848   20007.28990253851   20207.957798491607   20808.182860874258   21309.09662412197   22709.3452419163   24209.993652338708   25710.830832192583   26910.85025397068   27111.77113904821   29012.325889885855   30112.525072033637   31612.652051105757   32012.966727364386   33513.94688200792   34914.7725977241   36015.462151924425   37015.65083707893   38716.210370139735   39816.41323921975   40617.221002212405   42117.768807975765   43417.97127200779   44517.971532221345   44618.54119218768   46319.4338252826   47920.208997713846   48320.582493466834   49620.934712004935   49821.866808211016   50022.60543207301   51023.36259200394   52723.40762858315   53023.572451702596\n",
      "3701.63455356241   2301.5091313521693   400.8338076845223    0.0   400.94924533877116   501.1708238148952   1101.4749901831478   1902.0539964568316   2702.2403990249563   4402.39499467207   5802.5447458684275   5903.295216530934   6003.437428982141   6104.2461509266095   7104.912228437097   7905.715217424128   8405.740532676704   9506.451417939275   11007.321636594781   13007.424765150678   13108.163012037467   14108.841962069546   14408.877236295299   15708.953800593426   16009.18677200585   17909.717066379257   19310.33384220962   19810.568272468903   21210.605642456314   22211.112892190667   24211.974665466973   24712.73427200317   26313.410615553763   28013.996797963933   29314.923572279065   29714.942502001908   31614.96951195605   33215.45377158381   34215.91078713558   36016.33631405172   37317.2106064596   37917.50288587336   39417.74838058448   41118.52314737622   41719.329132024875   43020.129678569945   43820.3611320467   44920.81451013108   45621.35490200124   47121.64637262954   3400.6999306966177   1900.107976897119   899.7341987649975   1000.7837543352675   2301.226818744535   3501.6859232571346   5201.728160040589   5702.399523923169   7302.412662210937   8702.980382675481   10203.61512867896   11604.502242670611   13104.623083667706   14405.070685934383   15805.71904207738   16305.777984447652   18205.945952635415   19606.461199487956   19807.12888201555   20407.35395214312   20908.267712007902   22308.51633201012   23809.164927068316   25310.002252884744   26510.021362018677   26710.942548064948   28611.496867972695   29711.696316292455   31211.82304913376   31612.13772300565   33113.118123774766   34513.943960529774   35614.63316706756   36614.82196200529   38315.38150206198   39415.584372046396   40216.39223845736   41716.93994201202   43017.14249727413   44117.14258263165   44217.71242325474   45918.604880881445   47519.380053485176   47919.75379906765   49220.10593352206   49421.03787030087   49621.776655806614   50622.53381228828   52322.57877201207   52622.74351943092\n",
      "4102.583770562924   2702.458372064858   801.7804095422007   400.94924533877116    0.0   100.23604877152607   700.5296702900606   1501.1047583758361   2301.291159082909   4001.4457524857644   5401.595504158691   5502.345980896647   5602.488191635156   5703.296914421756   6703.96302075158   7504.766006937794   8004.791289126986   9105.502199764842   10606.372401390436   12606.475525605221   12707.21376673898   13707.892721389111   14007.92799445565   15308.004557515713   15608.23753106572   17508.76782121605   18909.3846010254   19409.619031153998   20809.656401154338   21810.163651025036   23811.025430449543   24311.785031044394   25912.461371280435   27613.04756209137   28913.974331082158   29313.993261082724   31214.020266689622   32814.504534941094   33814.96154197789   35615.387076893465   36916.261362876896   37516.55364231757   39016.79914308704   40717.573902487835   41318.37989100218   42619.18044081928   43419.41189100029   44519.865265474145   45220.40566102583   46720.69712954498   3801.6491706985803   2301.056967074079   1300.6834370513013   599.839840204713   1900.2778195843787   3100.73672056258   4800.779002634424   5301.450347544725   6901.463421000877   8302.03116566517   9802.665884065873   11203.553001193059   12703.673838373921   14004.12144395814   15404.769801002949   15904.828739232878   17804.996720340914   19205.511954439135   19406.179641030078   20006.404711007603   20507.318471040602   21907.567091146935   23408.2156824096   24909.053007575912   26109.072121014502   26309.993302729887   28210.547632034566   29310.747072297818   30810.873812549147   31211.188486556675   32712.16887993795   34112.99471534004   35213.683930061445   36213.872721085456   37914.4322610013   39014.635131000025   39815.44299491263   41315.990701009025   42616.193254009224   43716.193344598876   43816.76317989741   45517.655642710895   47118.43081536081   47518.80455454691   48819.156690455966   49020.08863199086   49220.82741270009   50221.58456927248   51921.629531005296   52221.79428099348\n",
      "4202.802820684817   2802.676721769383   901.9957412621801   501.1708238148952   100.23604877152607    0.0   600.3042000040257   1400.8885307126968   2201.0743771096068   3901.228513744502   5301.3781564513965   5402.127915933592   5502.270161363627   5603.078858248694   6603.746206618499   7404.549125755772   7904.573371071571   9005.28517118852   10506.154175088846   12506.257379425304   12606.995921706604   13607.675191251177   13907.709907525677   15207.786509895965   15508.019975386256   17408.550021507068   18809.167015744097   19309.401438815818   20709.43880262782   21709.946052906096   23710.807985847736   24211.567430766703   25812.243621002093   27512.830087461218   28813.756710386806   29213.77564867707   31113.802400284658   32714.287031570027   33714.7436923231   35515.1695566966   36816.043631019835   37416.33591102517   38916.58160993589   40617.356076945056   41218.162256292904   42518.96289723561   43319.194253278605   44419.64745704781   45120.18802388459   46620.47941100476   3901.8673090689335   2401.273762150315   1400.902415409267   499.6129492143285   1800.0633954353414   3000.51841154201   4700.560110744686   5201.231573220282   6801.2460126752685   8201.814174816205   9702.447991804562   11103.3354756382   12603.455991814524   13903.903362092704   15304.552242491449   15804.610941013216   17704.779358807704   19105.294161743404   19305.962059787475   19906.187121812123   20407.100885093736   21807.349502630914   23307.997911481452   24808.835095897866   26008.854513830032   26209.77540240482   28110.33015443988   29210.52933100926   30710.656314382784   31110.970990715115   32611.951141030757   34012.77685984381   35113.46641411546   36113.65509624513   37814.21462918389   38914.41749823662   39715.22526129512   41215.77306694927   42515.975531000215   43615.97579280585   43716.545451261336   45417.43808566828   47018.21325805459   47418.58675417872   48718.938971019765   48919.871068342174   49120.609691117   50121.366851017425   51821.41188740021   52121.57671163532\n",
      "4803.1053773261165   3402.979040207959   1502.2977659097742   1101.4749901831478   700.5296702900606   600.3042000040257    0.0   800.5968990375106   1600.7780012801593   3300.9297817428346   4701.078855323142   4801.827673512523   4901.969945235822   5002.778594536633   6003.447407091287   6804.250136197194   7304.273028186951   8404.985849658005   9905.853344000006   11905.956574071892   12006.695450357312   13007.375058073334   13307.40913410295   14607.485754284471   14907.719770160671   16808.249505761258   18208.866724399315   18709.101133145585   20109.13847410995   21109.645714870436   23110.507806130478   23611.267069035242   25211.943079930723   26912.529846492514   28213.45629648025   28613.47524199562   30513.50170400045   32113.98673173117   33114.44300402147   34914.869227030365   36215.74306105989   36816.03533984367   38316.28125473337   40017.05539404596   40617.86178129997   41918.66252069911   42718.89376987432   43819.34678402694   44519.88753716046   46020.17883156023   4502.169221513882   3001.5750331841173   2001.2056987348494   100.69241157034551   1199.773562286473   2400.2186290842055   4100.2590160812   4600.930528023214   6200.946399957586   7601.514963604173   9102.147572071402   10503.035427120312   12003.15551882368   13303.602594307127   14704.252037945978   15204.31045230016   17104.479343514548   18504.99363181188   18705.6617668723   19305.88681272538   19806.800574157693   21207.04917460711   22707.697365286058   24208.534384007264   25408.55413162658   25609.47469400058   27510.029906565996   28610.22878066229   30110.356029422386   30510.670706511166   32011.650578136774   33412.4761641291   34513.166090689505   35513.354647074644   37213.91416684185   38314.11703160784   39114.924681027966   40615.47259268351   41915.67495538182   43015.67540446668   43116.24486675022   44817.137687465125   46417.91285627448   46818.28608402417   48118.63838670617   48319.57065586629   48520.309103747895   49521.0662655824   51221.11138124151   51521.27628732204\n",
      "5603.688349586997   4203.563127798813   2302.883720712628   1902.0539964568316   1501.1047583758361   1400.8885307126968   800.5968990375106    0.0   800.1864035651424   2500.3410023145484   3900.4907515876275   4001.2414242273812   4101.383614856535   4202.19234558114   5202.858314417528   6003.661291434648   6503.686620091422   7604.397464957621   9105.267814769584   11105.370894738095   11206.109052830401   12206.78796600028   12506.823337984388   13806.89988529322   14107.132776108694   16007.663090709268   17408.279846497902   17908.514276884507   19308.551646846652   20309.05889644022   22309.92067224504   22810.680276064417   24411.356628680274   26111.942803733004   27412.86957652465   27812.88850601731   29712.915538314366   31313.39977658218   32313.856810177913   34114.28231861315   35415.15661578215   36015.448895082234   37515.69438489618   39216.46916572804   39817.27513609559   41118.07568271589   41918.30713613318   43018.760525903905   43719.300906031334   45219.592380161695   5302.75392714607   3802.1614266855795   2801.7881942475647   901.2885294637755   399.1766720396764   1599.6326838693378   3299.6751358011843   3800.346297405758   5400.3586668745875   6800.926433986106   8301.561192988669   9702.448247427663   11202.569124785567   12503.016785950156   13903.66504629875   14403.724010461052   16303.891963534577   17704.40722121322   17905.07488612352   18505.29995637696   19006.213716094284   20406.462336010234   21907.110943410935   23407.948290173485   24607.96736610874   24808.888582360032   26709.44287367078   27809.642327651018   29309.769054185053   29710.083728184836   31211.064134268832   32611.889984346224   33712.57917175122   34712.76796600697   36413.32750616798   37513.530376139104   38314.338247601336   39814.885946067574   41115.0885053908   42215.08858661317   42315.65843167655   44016.55088479168   45617.32605741942   46017.699813616884   47318.05194099067   47518.98387414531   47719.7226633924   48720.47981960708   50420.524776059145   50720.68952322043\n",
      "6403.874718717556   5003.749530268907   3103.0698707772335   2702.2403990249563   2301.291159082909   2201.0743771096068   1600.7780012801593   800.1864035651424    0.0   1700.154599198163   3100.3043480231604   3201.055147329787   3301.1973212101784   3402.0060562531016   4402.671987851645   5203.474951703501   5703.500251813693   6804.2111012494115   8305.081485534702   10305.184539414851   10405.922659556134   11406.601563046832   11706.636969213821   13006.713508718998   13306.946373024059   15207.476691096745   16608.093443310707   17108.32787363943   18508.36524361388   19508.87249327532   21509.734274681305   22010.493873013234   23611.1702259424   25311.75640512674   26612.683173365756   27012.702103000018   28912.729138882878   30513.213377105516   31513.670409778435   33314.09591860084   34614.97021238937   35215.26249167582   36715.50798454306   38416.28276406674   39017.08873304189   40317.889282116295   41118.12073306948   42218.57412363457   42919.114503005774   44419.405976614355   6102.940329386455   4602.347713049812   3601.974595936816   1701.4702906197913   401.0192558417124   799.4475524335656   2499.489505507829   3000.160444818606   4600.17226348963   6000.74007485157   7501.374810998337   8902.2618440445   10402.382731636646   11702.830416465667   13103.478643142318   13603.537611481892   15503.70556974624   16904.220820747716   17104.888483038805   17705.113553218907   18206.02731302438   19606.27593300237   21106.924541413446   22607.761894312494   23807.78096303898   24008.70218547211   25909.256474985094   27009.45592456772   28509.58265478217   28909.89732892131   30410.877731038567   31811.70358415532   32912.392771892024   33912.58156300096   35613.141103091046   36713.34397307077   37514.15184418562   39014.699543024   40314.902101878986   41414.90218575346   41515.47202818811   43216.364483806385   44817.13965647348   45217.51341108098   46517.86553744029   46718.797473033985   46919.536259847104   47920.29341605102   49620.3383730224   49920.5031219967\n",
      "8104.0292811918025   6703.904124490224   4803.22418024462   4402.39499467207   4001.4457524857644   3901.228513744502   3300.9297817428346   2500.3410023145484   1700.154599198163    0.0   1400.14975215666   1500.9011759518523   1601.0432399917572   1701.851977203919   2702.5177595458094   3503.3206310182454   4003.345745217109   5104.056660803602   6604.927066629198   8605.030044369782   8705.768076442318   9706.446970413232   10006.482439433012   11306.558959906522   11606.791779499159   13507.322095502186   14907.938849032986   15408.173279007271   16808.21064900942   17808.71789902411   19809.579700718365   20310.339279291475   21911.01562677318   23611.601827453796   24912.52857900087   25312.54750934413   27212.574543204624   28813.05879632132   29813.51581277831   31613.941335964755   32914.815613535335   33515.10789285197   35015.353400684806   36716.12816562083   37316.934139076926   38617.73469735883   39417.966139041724   40518.41952468738   41218.95990914861   42719.25137843101   7803.0949226783705   6302.502136192407   5302.129189243337   3401.6221900206497   2101.1700745158614   900.711693676535   799.3413479934794   1300.00906061236   2900.0176697471916   4300.585661077566   5801.220257398592   7202.107249000813   8702.228148783845   10002.675885048258   11403.324049226532   11903.383016983229   13803.551009091028   15204.066223861944   15404.733889302352   16004.958959062997   16505.872719322353   17906.121339567708   19406.769942711057   20907.607304414338   22107.626369182657   22308.54759380126   24209.10189701194   25309.301325396016   26809.428074337437   27209.742748904268   28710.72313195549   30111.548987420054   31212.2381897696   32212.426969308697   33912.98650904051   35013.18937905289   35813.99724538328   37314.54494910773   38614.74750342491   39714.7476001058   39815.31742961879   41516.20989770443   43116.98507047941   43517.358811981176   44817.7109392915   45018.64288645393   45219.38166163947   46220.13881798303   47920.183779076804   48220.34853499521\n",
      "9504.178987240859   8104.05387622306   6203.373855731806   5802.5447458684275   5401.595504158691   5301.3781564513965   4701.078855323142   3900.4907515876275   3100.3043480231604   1400.14975215666    0.0   100.77037836808715   200.9017110373963   301.70790324387366   1302.3688243701786   2103.1713048971965   2603.196248510854   3703.907067509288   5204.777644582576   7204.880481825605   7305.618373767832   8306.297218260197   8606.332818976543   9906.409308037895   10206.642027368229   12107.172363904336   13507.789097004015   14008.023527046036   15408.060897048703   16408.568147002126   18409.429954182597   18910.189527204133   20510.86588197817   22211.4520791123   23512.37882701611   23912.397757257844   25812.424809820604   27412.909046665787   28413.366076159207   30213.791585648818   31514.665865224488   32114.95814444575   33615.20364996562   35315.97842458066   35916.784387041844   37217.584946365416   38017.81638701744   39118.26978141623   39818.81015710112   41319.101628702905   9203.24467461069   7702.651838250895   6702.278941066485   4801.771266491286   3501.3193943226124   2300.860226240486   600.8313264854045   100.22506053452226   1499.867917671646   2900.436127165536   4401.0706225360345   5801.957497051166   7302.07844661039   8602.526262216083   10003.174297129666   10503.2332884742   12403.401270614255   13803.916488629748   14004.584137203894   14604.809207019654   15105.722967223717   16505.97158744822   18006.62020112129   19507.457582850246   20707.476617114702   20908.3978688308   22808.95214852864   23909.151578899415   25409.278324840718   25809.592999555265   27310.57338464926   28711.39925145058   29812.088439624018   30812.277217233983   32512.83675701523   33613.039627023696   34413.84749690676   35914.39519706574   37214.59775414473   38314.597848877725   38415.167680564104   40116.06014635985   41716.83531915463   42117.2090676666   43417.56118951267   43618.49313498966   43819.23191194557   44819.989068092844   46520.03402704521   46820.198783433196\n",
      "9604.929731832699   8204.804230192507   6304.123656195822   5903.295216530934   5502.345980896647   5402.127915933592   4801.827673512523   4001.2414242273812   3201.055147329787   1500.9011759518523   100.77037836808715    0.0   100.14227998476824   200.95094250209246   1201.6240135372543   2002.4244610341227   2502.4454594573376   3603.158755346306   5104.026420501426   7104.129559593024   7204.868007008487   8205.547413061664   8505.582053509796   9805.658638786768   10105.892157002947   12006.422107005668   13407.039161051394   13907.273578817189   15307.310935479592   16307.81818339307   18308.680195821013   18809.439555333516   20410.11570758809   22110.70226697545   23411.628821957318   23811.64776253994   25711.67448957552   27312.15918653092   28312.615780011714   30113.041700525846   31413.915717179927   32014.207997159763   33514.45374528383   35215.22816307397   35816.034357213946   37116.83502611944   37917.0663528732   39017.51954219851   39718.060123139236   41218.35149733266   9303.994987377693   7803.4016741180085   6803.0293404311105   4902.520071280876   3602.0712017062688   2401.609504594184   701.5709877876179   200.90613788466325   1399.119353695615   2799.688248064739   4300.32007704461   5701.207756976407   7201.328077000108   8501.775505298427   9902.424423971523   10402.483027740223   12302.651679234543   13703.166247021021   13903.834205223997   14504.059261304192   15004.973024542638   16405.221637054143   17905.86999700078   19406.70719078259   20606.72663308176   20807.647495692094   22708.20233090543   23808.401417591293   25308.528474826715   25708.84315175447   27209.823227182842   28610.64894827514   29711.338560290325   30711.52720170386   32412.086732049658   33512.28960043239   34313.097347001065   35813.64516802639   37113.847617298255   38213.84791800917   38314.417537000576   40015.310208129406   41616.08537975634   42016.45883901768   43316.81105711695   43517.74318714554   43718.481777015935   44719.23893711804   46419.283983909256   46719.44882753613\n",
      "9705.071935395403   8304.946454026976   6404.265902134525   6003.437428982141   5602.488191635156   5502.270161363627   4901.969945235822   4101.383614856535   3301.1973212101784   1601.0432399917572   200.9017110373963   100.14227998476824    0.0   100.80874022096954   1101.4820954378795   1902.282266239186   2402.3032101826066   3503.0164813064644   5003.8842127256985   7003.987339800394   7104.725760347013   8105.405148276256   8405.439827487266   9705.516409270896   10005.749895405364   11906.279860203507   13306.896903044777   13807.131321393323   15207.16867894268   16207.67592719579   18208.537933522435   18709.297299977454   20309.973460133577   22010.560006872205   23311.48656850987   23711.505508770962   25611.532249119107   27212.01692850953   28212.473538794417   30012.89944355689   31313.773470010015   31914.065750006182   33414.31148920355   35115.085920927835   35715.89210574897   37016.69277077298   37816.924101684366   38917.37729932202   39617.91787203209   41118.20925008646   9404.137214759296   7903.543921093109   6903.171559261733   5002.66234343256   3702.213296408265   2501.751750007747   801.7130974957162   301.04580012106766   1298.9770976068567   2699.545988718576   4200.177830453062   5601.065487834802   7101.185830450977   8401.6332788194   9802.282162336536   10302.340780088982   12202.509411052428   13603.02400040743   13803.691947260124   14403.917003991646   14904.830767280771   16305.079380431001   17805.727750210364   19306.5649524722   20506.584378473315   20707.5052568214   22608.06007104781   23708.259170157864   25208.38621628795   25608.700893183803   27109.680980006295   28510.50670739871   29611.19630309792   30611.384949368483   32311.944480188038   33412.147348705475   34212.95510011797   35713.50291653177   37013.70537006157   38113.705663086286   38214.275290101104   39915.16795354703   41515.94312528234   41916.31659584054   43216.66881000435   43417.60093304456   43618.339530022145   44619.09669000517   46319.14173342002   46619.306573834016\n",
      "9805.88066161424   8405.755169407352   6505.074598442532   6104.2461509266095   5703.296914421756   5603.078858248694   5002.778594536633   4202.19234558114   3402.0060562531016   1701.851977203919   301.70790324387366   200.95094250209246   100.80874022096954    0.0   1000.6745123133195   1801.4740365487778   2301.494518400233   3402.2079717652487   4903.0754878390435   6903.178621493025   7003.917065045567   8004.596482100821   8304.631113312917   9604.707697676753   9904.941222500787   11805.47116502835   13206.088223589375   13706.322640962166   15106.359997060339   16106.867244766898   18107.729261841087   18608.488616227445   20209.164765707843   21909.751330995896   23210.677881917865   23610.696822640708   25510.72354707543   27111.20824898343   28111.66483751122   29912.090762294294   31212.964775232715   31813.25705520911   33313.502806524084   35014.27722059242   35615.08341638489   36915.88408695636   37716.11541194885   38816.568599747814   39517.10918218639   41017.4005553941   9504.945927721306   8004.352616203812   7003.980277729192   5103.470991285972   3803.0220356863774   2602.5604469874847   902.5212942623681   401.85232152051753   1198.1686923345956   2598.7375532747815   4099.369135139286   5500.256832940334   7000.377135017058   8300.824564968709   9701.47348951145   10201.532085937499   12101.700752977746   13502.215305003554   13702.88326772619   14303.10832337063   14804.022086571336   16204.270698676415   17704.91905500225   19205.756248357953   20405.775693586962   20606.696553237514   22507.2513947248   23607.45047570157   25107.57753764379   25507.892214592524   27008.872285240406   28409.698005773047   29510.387622197824   30510.57626119652   32211.13579136421   33311.33865969737   34112.146405000465   35612.69422720754   36912.89667535988   38012.896978628014   38113.466595000755   39814.35926857854   41415.13444015162   41815.50789658367   43115.860115153   43316.79224736407   43517.53083503052   44518.28799515363   46218.3330427568   46518.4978875724\n",
      "10806.545970189169   9406.42130266142   7505.741818941582   7104.912228437097   6703.96302075158   6603.746206618499   6003.447407091287   5202.858314417528   4402.671987851645   2702.5177595458094   1302.3688243701786   1201.6240135372543   1101.4820954378795   1000.6745123133195    0.0   800.8029966011737   1300.834349224574   2401.539241348019   3902.4135340387684   5902.515246439248   6003.2522509362825   7003.930258111707   7303.967137375939   8604.043365386127   8904.275025598128   10804.805741477176   12205.422049771447   12705.656480594485   14105.693834080168   15106.201067448257   17107.062630103897   17607.82241889816   19208.498978609496   20909.084770013003   22210.01170680685   22610.03062280989   24510.05802439938   26110.541750036664   27110.999244476665   28911.424300001538   30212.298849765528   30812.591125371637   32312.83637000198   34013.61151902803   34614.41722727975   35915.21767004358   36715.449225005366   37815.902837495414   38516.442989687675   40016.73456029603   10505.61208814102   9005.019700646959   8004.646411946205   6104.139818430753   4803.685994113311   3603.2288288191335   1903.194920899566   1402.5267603831078   197.51083920104153   1598.068210297335   3098.70559481863   4499.590756386087   5999.712328387309   7300.160567760278   8700.807308768226   9200.86674533921   11101.033890044773   12501.549789752482   12702.217072856294   13302.442143704642   13803.355889715896   15203.604491805838   16704.25336666839   18205.090950858325   19405.109500733066   19606.031194829848   21506.58484000018   22606.784626468067   24106.911030067993   24507.225700006733   26008.206402757485   27409.032426053745   28509.721150021163   29509.91006285677   31210.469605025723   32310.67247228631   33111.480470967275   34612.028036487114   35912.230703876005   37012.230580037   37112.80063369557   38813.69288004058   40414.46805001965   40814.8421032928   42115.19411688219   42316.12587   42516.8648410735   43517.62199066899   45217.66685340768   45517.831520016734\n",
      "11607.34896006512   10207.224296736746   8306.544758448203   7905.715217424128   7504.766006937794   7404.549125755772   6804.250136197194   6003.661291434648   5203.474951703501   3503.3206310182454   2103.1713048971965   2002.4244610341227   1902.282266239186   1801.4740365487778   800.8029966011737    0.0   500.04182325077164   1600.7362501561324   3101.6119331816917   5101.712863602376   5202.449553163761   6203.1273338038945   6503.164539822942   7803.240661709396   8103.472082419384   10004.002854653834   11404.619090509905   11904.853520496823   13304.890869863848   14305.39810015908   16306.259640809136   16807.01944638187   18407.696028096372   20108.281780395642   21409.208730634116   21809.227645216295   23709.25508544838   25309.738760068933   26310.196297878745   28110.621310224116   29411.495880868653   30011.788155953174   31512.033380132863   33212.80856093077   33813.61424484801   35114.41468003128   35914.64624213288   37015.09987426998   37715.64000621654   39215.93158454911   11306.415083168678   9805.822659923711   8805.44940299639   6904.942547709761   5604.488984435007   4404.031513137284   2703.995321537824   2203.325354008203   603.3059591497192   797.2652312022146   2297.903709978582   3698.7879285134163   5198.909632155499   6499.357966186101   7900.00436859592   8400.06388483537   10300.230900876199   11700.746882003115   11901.414110610574   12501.639180605209   13002.552924257956   14402.801522684606   15903.450428346592   17404.288041598986   18604.306526280987   18805.228276816502   20705.78185026937   21805.981667458527   23306.10804054974   23706.422710151168   25207.4034387728   26608.22948012371   27708.918160083642   28709.10708169253   30409.66662372409   31509.8694905838   32310.67750032442   33811.22505399488   35111.4277303823   36211.42759033241   36311.99766031274   38012.88989033232   39613.66506005004   40014.03913737879   41314.39114050677   41515.32288012752   41716.06186480346   42716.819013724766   44416.86386889592   44717.0285300455\n",
      "12107.374967781041   10707.249604455477   8806.569112008025   8405.740532676704   8004.791289126986   7904.573371071571   7304.273028186951   6503.686620091422   5703.500251813693   4003.345745217109   2603.196248510854   2502.4454594573376   2402.3032101826066   2301.494518400233   1300.834349224574   500.04182325077164    0.0   1100.718315784889   2601.581397628919   4601.68429959702   4702.422551059889   5703.102040527477   6003.136718243993   7303.213269363232   7603.446742462629   9503.976650518061   10904.593719298153   11404.82813416125   12804.865486891938   13805.372733439193   15806.234780559525   16306.994102521187   17907.67025005415   19608.256834629374   20909.183364840756   21309.20230594718   23209.229049896556   24809.71374261947   25810.170337475553   27610.596252237003   28911.470260000362   29511.762540001615   31012.008293928517   32712.782717288566   33313.588898007976   34614.38957264817   35414.62089354905   36515.07409416826   37215.61466378654   38715.906040038644   11806.440378554704   10305.847131224233   9305.47469042575   7404.965418689623   6104.515628134335   4904.054960055798   3204.014392382228   2703.342994911603   1103.3293638080481   297.26581239886013   1797.8746223188114   3198.762506433933   4698.882621279384   5999.33016598132   7399.979010109544   7900.037570011026   9800.20634628228   11200.720790812396   11401.388763088473   12001.613815999754   12502.52757890111   13902.776188606202   15403.424540438094   16904.26176054618   18104.281178276255   18305.202062792072   20205.75689696592   21305.95596007597   22806.083033466603   23206.397710511214   24707.37777000252   26108.20350692061   27208.893112848127   28209.0817431276   29909.641273083813   31009.844141375597   31810.651890224333   33311.19970883504   34611.402160020734   35711.40246349671   35811.97208019284   37512.86475284963   39113.63992423813   39514.01339010806   40814.365600001285   41015.29773089716   41216.036320065665   42216.79348000079   43916.83852445246   44217.00337059142\n",
      "13208.085210010335   11807.96051382779   9907.280839955873   9506.451417939275   9105.502199764842   9005.28517118852   8404.985849658005   7604.397464957621   6804.2111012494115   5104.056660803602   3703.907067509288   3603.158755346306   3503.0164813064644   3402.2079717652487   2401.539241348019   1600.7362501561324   1100.718315784889    0.0   1500.8819844454063   3500.9782632790584   3601.7140165827946   4602.3911867425   4902.429179765181   6202.504986702572   6502.735889965439   8403.266758325128   9803.882868396868   10304.117296927405   11704.154640305533   12704.661866591121   14705.523390667237   15206.283206671875   16806.959814494276   18507.545530290987   19808.472487130577   20208.491400516203   22108.518886157417   23709.00251002843   24709.46008761598   26509.88506015241   27810.759643776288   28411.051918307057   29911.297130079933   31612.072335493416   32212.877996624768   33513.678430008964   34313.9099936622   35414.363642799326   36114.90375744038   37615.19534087977   12907.151304491517   11406.558779914223   10406.185609242573   8505.678259087144   7205.225234156378   6004.767243307036   4304.728961520725   3804.0580006318432   2204.0395231136695   803.4710377078036   697.1759373190882   2098.052142634917   3598.174100215638   4898.622596001957   6299.2681819844765   6799.327851066472   8699.494650720875   10100.010741925702   10300.67788420161   10900.902952790639   11401.8166932879   12802.0652870045   14302.714233205945   15803.551890543953   17003.570284507517   17204.49211072933   19105.045600181424   20205.24544215276   21705.37179043691   22105.6864600878   23606.66720722123   25007.493270694522   26108.181910040043   27108.370834261837   28808.930376185854   29909.133242793247   30709.94126138025   32210.488805739013   33510.691488711134   34610.69134025477   34711.261418711365   36412.15364025619   38012.9288100217   38413.30290292366   39713.65489630343   39914.58663008126   40115.325620678224   41116.0827690608   42816.12761964152   43116.29228001991\n",
      "14708.956147688472   13308.830626643954   11408.149896025368   11007.321636594781   10606.372401390436   10506.154175088846   9905.853344000006   9105.267814769584   8305.081485534702   6604.927066629198   5204.777644582576   5104.026420501426   5003.8842127256985   4903.0754878390435   3902.4135340387684   3101.6119331816917   2601.581397628919   1500.8819844454063    0.0   2000.1032304349023   2100.8428433013128   3101.5237707160595   3401.5557903976196   4701.632410877335   5001.867507523932   6902.396322059369   8303.013893724463   8803.248249387629   10203.285499011039   11203.792698657839   13204.655033714045   13705.41397431744   15306.089791498125   17006.676888255857   18307.60309984172   18707.622050419155   20607.648360000752   22208.133640874374   23208.58966003009   25009.01608615702   26309.88973851743   26910.182016374925   28410.428074792944   30111.202050061755   30712.00850089343   32012.809311765344   32813.040481946795   33913.49344003433   34614.03424553827   36114.32550058619   14408.021366439978   12907.427881216598   11907.055752555301   10006.545712441577   8706.097010489777   7505.635830158534   5805.594328058849   5304.922816021067   3704.9103819595334   2304.348436959884   803.7083356395709   597.1942415447893   2097.302905769539   3397.7492511936243   4798.3998165930125   5298.457366732721   7198.627429687352   8599.140400412967   8799.808909998897   9400.03389930282   9900.947640382179   11301.196172865813   12801.844084133556   14302.681040011857   15502.70099049549   15703.621350000833   17604.176929650184   18704.375477225185   20204.502972344486   20604.81764726562   22105.79726284646   23506.622820184824   24607.312958630093   25607.50139318261   27308.060900000255   28408.263759952857   29209.071352954845   30709.619312728057   32009.821627260862   33109.82218321065   33210.3915354822   34911.284455051325   36512.059618644584   36912.432740030235   38212.785053759064   38413.717407708195   38614.45576992747   39615.21293196298   41315.25807490959   41615.423027375844\n",
